{
  "v": "2.2",
  "name": "Factory Brown 2",
  "description": "",
  "colourMapUrl": "821c5c82-a326-46ca-bfd0-bd2a75830ed7",
  "scale": 0.594,
  "roughness": 0.572999954,
  "metallic": 0.269999981,
  "r": 0.21,
  "g": 0.174078926,
  "b": 0.129868418,
  "saturation": 1.0,
  "condition": 0.57,
  "grime": 0.48999998
}