{
  "v": "2.2",
  "name": "Interwar Gray",
  "description": "",
  "colourMapUrl": "821c5c82-a326-46ca-bfd0-bd2a75830ed7",
  "scale": 0.5,
  "roughness": 0.5,
  "metallic": 0.5,
  "r": 0.399999976,
  "g": 0.399999976,
  "b": 0.399999976,
  "saturation": 1.0,
  "condition": 0.599999964,
  "grime": 0.359999985
}