{
  "v": "2.2",
  "name": "Factory Blue",
  "description": "",
  "colourMapUrl": "821c5c82-a326-46ca-bfd0-bd2a75830ed7",
  "scale": 0.669999957,
  "roughness": 0.643,
  "metallic": 0.22,
  "r": 0.19600001,
  "g": 0.249759972,
  "b": 0.28,
  "saturation": 0.76,
  "condition": 0.799999952,
  "grime": 0.28
}