{
  "v": "2.2",
  "name": "WW1 Blue",
  "description": "",
  "colourMapUrl": "821c5c82-a326-46ca-bfd0-bd2a75830ed7",
  "scale": 0.669999957,
  "roughness": 0.643,
  "metallic": 0.22,
  "r": 0.0965999961,
  "g": 0.181975916,
  "b": 0.229999989,
  "saturation": 0.76,
  "condition": 0.69,
  "grime": 0.62
}