{
  "v": "2.2",
  "name": "Late Jungle Camo",
  "description": "",
  "colourMapUrl": "0a2dc44c-6da8-4795-b0e7-c65612664c5d",
  "scale": 0.765,
  "roughness": 0.832,
  "metallic": 0.065,
  "r": 0.09250002,
  "g": 0.37,
  "b": 0.303399682,
  "saturation": 1.0,
  "condition": 0.719999969,
  "grime": 0.07
}