{
  "v": "2.2",
  "name": "Dark Pattern",
  "description": "",
  "colourMapUrl": "01354676-5b79-4964-bb37-61bc479487ca",
  "scale": 0.556,
  "roughness": 0.727,
  "metallic": 0.185,
  "r": 0.413600117,
  "g": 0.5441922,
  "b": 0.88,
  "saturation": 1.0,
  "condition": 0.669999957,
  "grime": 0.0
}